cold air outbreak using dz = 25.0 m, Nlev =  167
height      ug          vg          wfls        dqtdx      dqtdy      dqtdtls     thlpcart
12.500000  0.000000  -15.030000  -0.000072  0.000000  0.000000  0.000000  0.000000  
37.500000  0.000000  -15.090000  -0.000472  0.000000  0.000000  0.000000  0.000000  
62.500000  0.000000  -15.150000  -0.000927  0.000000  0.000000  0.000000  0.000000  
87.500000  0.000000  -15.210000  -0.001406  0.000000  0.000000  0.000000  0.000000  
112.500000  0.000000  -15.270000  -0.001894  0.000000  0.000000  0.000000  0.000000  
137.500000  0.000000  -15.330000  -0.002385  0.000000  0.000000  0.000000  0.000000  
162.500000  0.000000  -15.390000  -0.002878  0.000000  0.000000  0.000000  0.000000  
187.500000  0.000000  -15.450000  -0.003371  0.000000  0.000000  0.000000  0.000000  
212.500000  0.000000  -15.510000  -0.003861  0.000000  0.000000  0.000000  0.000000  
237.500000  0.000000  -15.570000  -0.004349  0.000000  0.000000  0.000000  0.000000  
262.500000  0.000000  -15.630000  -0.004828  0.000000  0.000000  0.000000  0.000000  
287.500000  0.000000  -15.690000  -0.005306  0.000000  0.000000  0.000000  0.000000  
312.500000  0.000000  -15.750000  -0.005771  0.000000  0.000000  0.000000  0.000000  
337.500000  0.000000  -15.810000  -0.006231  0.000000  0.000000  0.000000  0.000000  
362.500000  0.000000  -15.870000  -0.006689  0.000000  0.000000  0.000000  0.000000  
387.500000  0.000000  -15.930000  -0.007123  0.000000  0.000000  0.000000  0.000000  
412.500000  0.000000  -15.990000  -0.007558  0.000000  0.000000  0.000000  0.000000  
437.500000  0.000000  -16.050000  -0.007986  0.000000  0.000000  0.000000  0.000000  
462.500000  0.000000  -16.110000  -0.008387  0.000000  0.000000  0.000000  0.000000  
487.500000  0.000000  -16.170000  -0.008787  0.000000  0.000000  0.000000  0.000000  
512.500000  0.000000  -16.230000  -0.009188  0.000000  0.000000  0.000000  0.000000  
537.500000  0.000000  -16.290000  -0.009548  0.000000  0.000000  0.000000  0.000000  
562.500000  0.000000  -16.350000  -0.009907  0.000000  0.000000  0.000000  0.000000  
587.500000  0.000000  -16.410000  -0.010265  0.000000  0.000000  0.000000  0.000000  
612.500000  0.000000  -16.470000  -0.010599  0.000000  0.000000  0.000000  0.000000  
637.500000  0.000000  -16.530000  -0.010907  0.000000  0.000000  0.000000  0.000000  
662.500000  0.000000  -16.590000  -0.011214  0.000000  0.000000  0.000000  0.000000  
687.500000  0.000000  -16.650000  -0.011522  0.000000  0.000000  0.000000  0.000000  
712.500000  0.000000  -16.710000  -0.011785  0.000000  0.000000  0.000000  0.000000  
737.500000  0.000000  -16.770000  -0.012034  0.000000  0.000000  0.000000  0.000000  
762.500000  0.000000  -16.830000  -0.012282  0.000000  0.000000  0.000000  0.000000  
787.500000  0.000000  -16.890000  -0.012531  0.000000  0.000000  0.000000  0.000000  
812.500000  0.000000  -16.950000  -0.012728  0.000000  0.000000  0.000000  0.000000  
837.500000  0.000000  -17.010000  -0.012909  0.000000  0.000000  0.000000  0.000000  
862.500000  0.000000  -17.070000  -0.013089  0.000000  0.000000  0.000000  0.000000  
887.500000  0.000000  -17.130000  -0.013270  0.000000  0.000000  0.000000  0.000000  
912.500000  0.000000  -17.190000  -0.013413  0.000000  0.000000  0.000000  0.000000  
937.500000  0.000000  -17.250000  -0.013517  0.000000  0.000000  0.000000  0.000000  
962.500000  0.000000  -17.310000  -0.013620  0.000000  0.000000  0.000000  0.000000  
987.500000  0.000000  -17.370000  -0.013724  0.000000  0.000000  0.000000  0.000000  
1012.500000  0.000000  -17.430000  -0.013828  0.000000  0.000000  0.000000  0.000000  
1037.500000  0.000000  -17.490000  -0.013851  0.000000  0.000000  0.000000  0.000000  
1062.500000  0.000000  -17.550000  -0.013871  0.000000  0.000000  0.000000  0.000000  
1087.500000  0.000000  -17.610000  -0.013892  0.000000  0.000000  0.000000  0.000000  
1112.500000  0.000000  -17.670000  -0.013912  0.000000  0.000000  0.000000  0.000000  
1137.500000  0.000000  -17.730000  -0.013918  0.000000  0.000000  0.000000  0.000000  
1162.500000  0.000000  -17.790000  -0.013858  0.000000  0.000000  0.000000  0.000000  
1187.500000  0.000000  -17.850000  -0.013798  0.000000  0.000000  0.000000  0.000000  
1212.500000  0.000000  -17.910000  -0.013738  0.000000  0.000000  0.000000  0.000000  
1237.500000  0.000000  -17.970000  -0.013678  0.000000  0.000000  0.000000  0.000000  
1262.500000  0.000000  -18.030000  -0.013615  0.000000  0.000000  0.000000  0.000000  
1287.500000  0.000000  -18.090000  -0.013516  0.000000  0.000000  0.000000  0.000000  
1312.500000  0.000000  -18.150000  -0.013417  0.000000  0.000000  0.000000  0.000000  
1337.500000  0.000000  -18.210000  -0.013319  0.000000  0.000000  0.000000  0.000000  
1362.500000  0.000000  -18.270000  -0.013220  0.000000  0.000000  0.000000  0.000000  
1387.500000  0.000000  -18.330000  -0.013121  0.000000  0.000000  0.000000  0.000000  
1412.500000  0.000000  -18.390000  -0.012861  0.000000  0.000000  0.000000  0.000000  
1437.500000  0.000000  -18.450000  -0.012552  0.000000  0.000000  0.000000  0.000000  
1462.500000  0.000000  -18.510000  -0.012243  0.000000  0.000000  0.000000  0.000000  
1487.500000  0.000000  -18.570000  -0.011933  0.000000  0.000000  0.000000  0.000000  
1512.500000  0.000000  -18.630000  -0.011624  0.000000  0.000000  0.000000  0.000000  
1537.500000  0.000000  -18.690000  -0.011364  0.000000  0.000000  0.000000  0.000000  
1562.500000  0.000000  -18.750000  -0.011348  0.000000  0.000000  0.000000  0.000000  
1587.500000  0.000000  -18.810000  -0.011332  0.000000  0.000000  0.000000  0.000000  
1612.500000  0.000000  -18.870000  -0.011317  0.000000  0.000000  0.000000  0.000000  
1637.500000  0.000000  -18.930000  -0.011301  0.000000  0.000000  0.000000  0.000000  
1662.500000  0.000000  -18.990000  -0.011285  0.000000  0.000000  0.000000  0.000000  
1687.500000  0.000000  -19.050000  -0.011343  0.000000  0.000000  0.000000  0.000000  
1712.500000  0.000000  -19.110000  -0.011572  0.000000  0.000000  0.000000  0.000000  
1737.500000  0.000000  -19.170000  -0.011802  0.000000  0.000000  0.000000  0.000000  
1762.500000  0.000000  -19.230000  -0.012031  0.000000  0.000000  0.000000  0.000000  
1787.500000  0.000000  -19.290000  -0.012260  0.000000  0.000000  0.000000  0.000000  
1812.500000  0.000000  -19.350000  -0.012489  0.000000  0.000000  0.000000  0.000000  
1837.500000  0.000000  -19.410000  -0.012698  0.000000  0.000000  0.000000  0.000000  
1862.500000  0.000000  -19.470000  -0.012803  0.000000  0.000000  0.000000  0.000000  
1887.500000  0.000000  -19.530000  -0.012909  0.000000  0.000000  0.000000  0.000000  
1912.500000  0.000000  -19.590000  -0.013014  0.000000  0.000000  0.000000  0.000000  
1937.500000  0.000000  -19.650000  -0.013119  0.000000  0.000000  0.000000  0.000000  
1962.500000  0.000000  -19.710000  -0.013225  0.000000  0.000000  0.000000  0.000000  
1987.500000  0.000000  -19.770000  -0.013330  0.000000  0.000000  0.000000  0.000000  
2012.500000  0.000000  -19.830000  -0.013525  0.000000  0.000000  0.000000  0.000000  
2037.500000  0.000000  -19.890000  -0.013747  0.000000  0.000000  0.000000  0.000000  
2062.500000  0.000000  -19.950000  -0.013968  0.000000  0.000000  0.000000  0.000000  
2087.500000  0.000000  -20.010000  -0.014190  0.000000  0.000000  0.000000  0.000000  
2112.500000  0.000000  -20.070000  -0.014412  0.000000  0.000000  0.000000  0.000000  
2137.500000  0.000000  -20.130000  -0.014634  0.000000  0.000000  0.000000  0.000000  
2162.500000  0.000000  -20.190000  -0.014867  0.000000  0.000000  0.000000  0.000000  
2187.500000  0.000000  -20.250000  -0.015199  0.000000  0.000000  0.000000  0.000000  
2212.500000  0.000000  -20.310000  -0.015532  0.000000  0.000000  0.000000  0.000000  
2237.500000  0.000000  -20.370000  -0.015864  0.000000  0.000000  0.000000  0.000000  
2262.500000  0.000000  -20.430000  -0.016197  0.000000  0.000000  0.000000  0.000000  
2287.500000  0.000000  -20.490000  -0.016529  0.000000  0.000000  0.000000  0.000000  
2312.500000  0.000000  -20.550000  -0.016862  0.000000  0.000000  0.000000  0.000000  
2337.500000  0.000000  -20.610000  -0.017213  0.000000  0.000000  0.000000  0.000000  
2362.500000  0.000000  -20.670000  -0.017654  0.000000  0.000000  0.000000  0.000000  
2387.500000  0.000000  -20.730000  -0.018096  0.000000  0.000000  0.000000  0.000000  
2412.500000  0.000000  -20.790000  -0.018537  0.000000  0.000000  0.000000  0.000000  
2437.500000  0.000000  -20.850000  -0.018979  0.000000  0.000000  0.000000  0.000000  
2462.500000  0.000000  -20.910000  -0.019420  0.000000  0.000000  0.000000  0.000000  
2487.500000  0.000000  -20.970000  -0.019862  0.000000  0.000000  0.000000  0.000000  
2512.500000  0.000000  -21.030000  -0.020303  0.000000  0.000000  0.000000  0.000000  
2537.500000  0.000000  -21.090000  -0.020803  0.000000  0.000000  0.000000  0.000000  
2562.500000  0.000000  -21.150000  -0.021304  0.000000  0.000000  0.000000  0.000000  
2587.500000  0.000000  -21.210000  -0.021805  0.000000  0.000000  0.000000  0.000000  
2612.500000  0.000000  -21.270000  -0.022307  0.000000  0.000000  0.000000  0.000000  
2637.500000  0.000000  -21.330000  -0.022808  0.000000  0.000000  0.000000  0.000000  
2662.500000  0.000000  -21.390000  -0.023309  0.000000  0.000000  0.000000  0.000000  
2687.500000  0.000000  -21.450000  -0.023811  0.000000  0.000000  0.000000  0.000000  
2712.500000  0.000000  -21.510000  -0.024309  0.000000  0.000000  0.000000  0.000000  
2737.500000  0.000000  -21.570000  -0.024804  0.000000  0.000000  0.000000  0.000000  
2762.500000  0.000000  -21.630000  -0.025298  0.000000  0.000000  0.000000  0.000000  
2787.500000  0.000000  -21.690000  -0.025793  0.000000  0.000000  0.000000  0.000000  
2812.500000  0.000000  -21.750000  -0.026288  0.000000  0.000000  0.000000  0.000000  
2837.500000  0.000000  -21.810000  -0.026782  0.000000  0.000000  0.000000  0.000000  
2862.500000  0.000000  -21.870000  -0.027277  0.000000  0.000000  0.000000  0.000000  
2887.500000  0.000000  -21.930000  -0.027772  0.000000  0.000000  0.000000  0.000000  
2912.500000  0.000000  -21.990000  -0.028209  0.000000  0.000000  0.000000  0.000000  
2937.500000  0.000000  -22.050000  -0.028629  0.000000  0.000000  0.000000  0.000000  
2962.500000  0.000000  -22.110000  -0.029048  0.000000  0.000000  0.000000  0.000000  
2987.500000  0.000000  -22.170000  -0.029468  0.000000  0.000000  0.000000  0.000000  
3012.500000  0.000000  -22.230000  -0.029887  0.000000  0.000000  0.000000  0.000000  
3038.000000  0.000000  -22.291200  -0.030315  0.000000  0.000000  0.000000  0.000000  
3064.010000  0.000000  -22.353624  -0.030752  0.000000  0.000000  0.000000  0.000000  
3090.540200  0.000000  -22.417296  -0.031197  0.000000  0.000000  0.000000  0.000000  
3117.601004  0.000000  -22.482242  -0.031541  0.000000  0.000000  0.000000  0.000000  
3145.203024  0.000000  -22.548487  -0.031878  0.000000  0.000000  0.000000  0.000000  
3173.357085  0.000000  -22.616057  -0.032222  0.000000  0.000000  0.000000  0.000000  
3202.074226  0.000000  -22.684978  -0.032573  0.000000  0.000000  0.000000  0.000000  
3231.365711  0.000000  -22.755278  -0.032931  0.000000  0.000000  0.000000  0.000000  
3261.243025  0.000000  -22.826983  -0.033296  0.000000  0.000000  0.000000  0.000000  
3291.717885  0.000000  -22.900123  -0.033669  0.000000  0.000000  0.000000  0.000000  
3322.802243  0.000000  -22.974725  -0.033973  0.000000  0.000000  0.000000  0.000000  
3354.508288  0.000000  -23.050820  -0.034255  0.000000  0.000000  0.000000  0.000000  
3386.848454  0.000000  -23.128436  -0.034542  0.000000  0.000000  0.000000  0.000000  
3419.835423  0.000000  -23.207605  -0.034836  0.000000  0.000000  0.000000  0.000000  
3453.482131  0.000000  -23.288357  -0.035135  0.000000  0.000000  0.000000  0.000000  
3487.801774  0.000000  -23.370724  -0.035440  0.000000  0.000000  0.000000  0.000000  
3522.807809  0.000000  -23.454739  -0.035737  0.000000  0.000000  0.000000  0.000000  
3558.513966  0.000000  -23.540434  -0.036001  0.000000  0.000000  0.000000  0.000000  
3594.934245  0.000000  -23.627842  -0.036270  0.000000  0.000000  0.000000  0.000000  
3632.082930  0.000000  -23.716999  -0.036544  0.000000  0.000000  0.000000  0.000000  
3669.974588  0.000000  -23.807939  -0.036824  0.000000  0.000000  0.000000  0.000000  
3708.624080  0.000000  -23.900698  -0.037110  0.000000  0.000000  0.000000  0.000000  
3748.046562  0.000000  -23.995312  -0.037386  0.000000  0.000000  0.000000  0.000000  
3788.257493  0.000000  -24.091818  -0.037644  0.000000  0.000000  0.000000  0.000000  
3829.272643  0.000000  -24.190254  -0.037906  0.000000  0.000000  0.000000  0.000000  
3871.108096  0.000000  -24.290659  -0.038174  0.000000  0.000000  0.000000  0.000000  
3913.780258  0.000000  -24.393073  -0.038447  0.000000  0.000000  0.000000  0.000000  
3957.305863  0.000000  -24.497534  -0.038726  0.000000  0.000000  0.000000  0.000000  
4001.701980  0.000000  -24.604085  -0.038946  0.000000  0.000000  0.000000  0.000000  
4046.986020  0.000000  -24.712766  -0.039166  0.000000  0.000000  0.000000  0.000000  
4093.175740  0.000000  -24.823622  -0.039390  0.000000  0.000000  0.000000  0.000000  
4140.289255  0.000000  -24.936694  -0.039618  0.000000  0.000000  0.000000  0.000000  
4188.345040  0.000000  -25.052028  -0.039852  0.000000  0.000000  0.000000  0.000000  
4237.361941  0.000000  -25.169669  -0.039921  0.000000  0.000000  0.000000  0.000000  
4287.359180  0.000000  -25.289662  -0.039972  0.000000  0.000000  0.000000  0.000000  
4338.356363  0.000000  -25.412055  -0.040024  0.000000  0.000000  0.000000  0.000000  
4390.373491  0.000000  -25.536896  -0.040077  0.000000  0.000000  0.000000  0.000000  
4443.430960  0.000000  -25.664234  -0.040103  0.000000  0.000000  0.000000  0.000000  
4497.549580  0.000000  -25.794119  -0.040011  0.000000  0.000000  0.000000  0.000000  
4552.750571  0.000000  -25.926601  -0.039918  0.000000  0.000000  0.000000  0.000000  
4609.055583  0.000000  -26.061733  -0.039822  0.000000  0.000000  0.000000  0.000000  
4666.486694  0.000000  -26.199568  -0.039725  0.000000  0.000000  0.000000  0.000000  
4725.066428  0.000000  -26.340159  -0.039560  0.000000  0.000000  0.000000  0.000000  
4784.817757  0.000000  -26.483563  -0.039372  0.000000  0.000000  0.000000  0.000000  
4845.764112  0.000000  -26.629834  -0.039181  0.000000  0.000000  0.000000  0.000000  
4907.929394  0.000000  -26.779031  -0.038985  0.000000  0.000000  0.000000  0.000000  
