cold air outbreak using dz = 25.0 m, Nlev =  167
height       thl       qt              u            v            tke
12.500000  270.687714  0.002149  2.777506  -12.971718  1.000000  
37.500000  270.557251  0.002076  3.003730  -14.162468  1.000000  
62.500000  270.510803  0.002046  3.085326  -14.629789  1.000000  
87.500000  270.489655  0.002029  3.128326  -14.889716  1.000000  
112.500000  270.477936  0.002018  3.157627  -15.070800  1.000000  
137.500000  270.469971  0.002008  3.181227  -15.218347  1.000000  
162.500000  270.466339  0.002000  3.197162  -15.318192  1.000000  
187.500000  270.463593  0.001993  3.211097  -15.405935  1.000000  
212.500000  270.462921  0.001986  3.220364  -15.465440  1.000000  
237.500000  270.462616  0.001980  3.228961  -15.520453  1.000000  
262.500000  270.464050  0.001975  3.234201  -15.553010  1.000000  
287.500000  270.465515  0.001969  3.239441  -15.585567  1.000000  
312.500000  270.468109  0.001964  3.242949  -15.604218  1.000000  
337.500000  270.471039  0.001960  3.245929  -15.618638  1.000000  
362.500000  270.474060  0.001955  3.248803  -15.631847  1.000000  
387.500000  270.478180  0.001950  3.250719  -15.634164  1.000000  
412.500000  270.482300  0.001946  3.252635  -15.636480  1.000000  
437.500000  270.486542  0.001942  3.254516  -15.637506  1.000000  
462.500000  270.491577  0.001938  3.256228  -15.632081  1.000000  
487.500000  270.496613  0.001933  3.257941  -15.626656  1.000000  
512.500000  270.501648  0.001929  3.259653  -15.621230  1.000000  
537.500000  270.507446  0.001925  3.261838  -15.611573  1.000000  
562.500000  270.513275  0.001921  3.264040  -15.601771  1.000000  
587.500000  270.519104  0.001917  3.266241  -15.591969  1.000000  
612.500000  270.525360  0.001912  3.268981  -15.581396  1.000000  
637.500000  270.532043  0.001908  3.272260  -15.570052  1.000000  
662.500000  270.538696  0.001904  3.275539  -15.558708  1.000000  
687.500000  270.545380  0.001900  3.278817  -15.547364  1.000000  
712.500000  270.552826  0.001895  3.283218  -15.536979  1.000000  
737.500000  270.560516  0.001890  3.287960  -15.526886  1.000000  
762.500000  270.568207  0.001886  3.292702  -15.516792  1.000000  
787.500000  270.575897  0.001881  3.297444  -15.506700  1.000000  
812.500000  270.584503  0.001876  3.303580  -15.499998  1.000000  
837.500000  270.593353  0.001870  3.310141  -15.494330  1.000000  
862.500000  270.602234  0.001865  3.316702  -15.488662  1.000000  
887.500000  270.611115  0.001860  3.323263  -15.482994  1.000000  
912.500000  270.621124  0.001853  3.330734  -15.481865  1.000000  
937.500000  270.632324  0.001846  3.339115  -15.485274  1.000000  
962.500000  270.643524  0.001839  3.347497  -15.488684  1.000000  
987.500000  270.654724  0.001832  3.355878  -15.492093  1.000000  
1012.500000  270.665924  0.001825  3.364259  -15.495502  1.000000  
1037.500000  270.690796  0.001813  3.373805  -15.515924  1.000000  
1062.500000  270.716156  0.001802  3.383391  -15.536933  1.000000  
1087.500000  270.741516  0.001790  3.392977  -15.557941  1.000000  
1112.500000  270.766876  0.001778  3.402563  -15.578950  1.000000  
1137.500000  270.813751  0.001761  3.411583  -15.604601  1.000000  
1162.500000  270.968231  0.001719  3.417770  -15.653468  1.000000  
1187.500000  271.122742  0.001677  3.423957  -15.702334  1.000000  
1212.500000  271.277252  0.001634  3.430145  -15.751201  1.000000  
1237.500000  271.431763  0.001592  3.436332  -15.800068  1.000000  
1262.500000  271.605347  0.001546  3.440917  -15.863005  1.000000  
1287.500000  271.950684  0.001469  3.431087  -16.052570  1.000000  
1312.500000  272.296021  0.001391  3.421258  -16.242138  1.000000  
1337.500000  272.641388  0.001313  3.411428  -16.431705  1.000000  
1362.500000  272.986725  0.001236  3.401598  -16.621273  1.000000  
1387.500000  273.332092  0.001158  3.391768  -16.810839  1.000000  
1412.500000  273.741882  0.001085  3.359673  -17.071394  1.000000  
1437.500000  274.171326  0.001013  3.320801  -17.353554  1.000000  
1462.500000  274.600769  0.000942  3.281928  -17.635712  1.000000  
1487.500000  275.030212  0.000870  3.243056  -17.917871  1.000000  
1512.500000  275.459656  0.000798  3.204184  -18.200031  1.000000  
1537.500000  275.860748  0.000733  3.169091  -18.464371  1.000000  
1562.500000  276.120239  0.000703  3.152892  -18.639626  1.000000  
1587.500000  276.379761  0.000672  3.136692  -18.814882  1.000000  
1612.500000  276.639252  0.000642  3.120493  -18.990137  1.000000  
1637.500000  276.898743  0.000611  3.104293  -19.165392  1.000000  
1662.500000  277.158234  0.000581  3.088094  -19.340647  1.000000  
1687.500000  277.370819  0.000557  3.066930  -19.498566  1.000000  
1712.500000  277.474030  0.000550  3.034180  -19.616032  1.000000  
1737.500000  277.577209  0.000544  3.001431  -19.733498  1.000000  
1762.500000  277.680389  0.000537  2.968682  -19.850964  1.000000  
1787.500000  277.783569  0.000530  2.935933  -19.968430  1.000000  
1812.500000  277.886749  0.000523  2.903184  -20.085896  1.000000  
1837.500000  277.991943  0.000517  2.875965  -20.200151  1.000000  
1862.500000  278.107056  0.000510  2.876390  -20.298349  1.000000  
1887.500000  278.222168  0.000503  2.876815  -20.396549  1.000000  
1912.500000  278.337280  0.000496  2.877240  -20.494747  1.000000  
1937.500000  278.452393  0.000489  2.877665  -20.592947  1.000000  
1962.500000  278.567505  0.000482  2.878090  -20.691145  1.000000  
1987.500000  278.682617  0.000476  2.878515  -20.789345  1.000000  
2012.500000  278.790833  0.000471  2.876674  -20.875469  1.000000  
2037.500000  278.896942  0.000466  2.874144  -20.957920  1.000000  
2062.500000  279.003082  0.000462  2.871614  -21.040371  1.000000  
2087.500000  279.109192  0.000458  2.869084  -21.122822  1.000000  
2112.500000  279.215302  0.000453  2.866554  -21.205275  1.000000  
2137.500000  279.321411  0.000449  2.864023  -21.287725  1.000000  
2162.500000  279.426575  0.000445  2.860422  -21.366512  1.000000  
2187.500000  279.523163  0.000442  2.847182  -21.412319  1.000000  
2212.500000  279.619751  0.000438  2.833942  -21.458126  1.000000  
2237.500000  279.716339  0.000435  2.820702  -21.503933  1.000000  
2262.500000  279.812897  0.000431  2.807462  -21.549740  1.000000  
2287.500000  279.909485  0.000428  2.794222  -21.595547  1.000000  
2312.500000  280.006073  0.000424  2.780982  -21.641354  1.000000  
2337.500000  280.101837  0.000421  2.765481  -21.681171  1.000000  
2362.500000  280.193604  0.000418  2.738674  -21.691042  1.000000  
2387.500000  280.285339  0.000415  2.711867  -21.700911  1.000000  
2412.500000  280.377106  0.000412  2.685060  -21.710781  1.000000  
2437.500000  280.468842  0.000409  2.658253  -21.720650  1.000000  
2462.500000  280.560608  0.000406  2.631446  -21.730520  1.000000  
2487.500000  280.652344  0.000404  2.604639  -21.740389  1.000000  
2512.500000  280.744110  0.000401  2.577832  -21.750259  1.000000  
2537.500000  280.831848  0.000398  2.548805  -21.738159  1.000000  
2562.500000  280.919464  0.000396  2.519701  -21.725300  1.000000  
2587.500000  281.007080  0.000393  2.490598  -21.712442  1.000000  
2612.500000  281.094696  0.000391  2.461494  -21.699585  1.000000  
2637.500000  281.182312  0.000389  2.432390  -21.686728  1.000000  
2662.500000  281.269928  0.000386  2.403287  -21.673870  1.000000  
2687.500000  281.357544  0.000384  2.374183  -21.661013  1.000000  
2712.500000  281.440918  0.000382  2.354591  -21.639526  1.000000  
2737.500000  281.520020  0.000380  2.344510  -21.609411  1.000000  
2762.500000  281.599152  0.000379  2.334430  -21.579298  1.000000  
2787.500000  281.678253  0.000377  2.324349  -21.549185  1.000000  
2812.500000  281.757355  0.000375  2.314269  -21.519070  1.000000  
2837.500000  281.836487  0.000373  2.304188  -21.488956  1.000000  
2862.500000  281.915588  0.000372  2.294108  -21.458843  1.000000  
2887.500000  281.994690  0.000370  2.284028  -21.428728  1.000000  
2912.500000  282.066345  0.000368  2.293310  -21.389429  1.000000  
2937.500000  282.135742  0.000367  2.308487  -21.347334  1.000000  
2962.500000  282.205139  0.000365  2.323664  -21.305239  1.000000  
2987.500000  282.274506  0.000364  2.338840  -21.263142  1.000000  
3012.500000  282.343903  0.000362  2.354017  -21.221046  1.000000  
3038.000000  282.414673  0.000361  2.369497  -21.178108  1.000000  
3064.010000  282.486877  0.000359  2.385287  -21.134314  1.000000  
3090.540200  282.560516  0.000358  2.401392  -21.089640  1.000000  
3117.601004  282.632172  0.000356  2.421880  -21.046995  1.000000  
3145.203024  282.704834  0.000354  2.443255  -21.003838  1.000000  
3173.357085  282.778961  0.000351  2.465057  -20.959818  1.000000  
3202.074226  282.854553  0.000349  2.487295  -20.914919  1.000000  
3231.365711  282.931671  0.000347  2.509978  -20.869122  1.000000  
3261.243025  283.010315  0.000345  2.533114  -20.822407  1.000000  
3291.717885  283.090576  0.000342  2.556714  -20.774759  1.000000  
3322.802243  283.175293  0.000339  2.559895  -20.744272  1.000000  
3354.508288  283.262787  0.000336  2.555402  -20.719887  1.000000  
3386.848454  283.352020  0.000333  2.550818  -20.695013  1.000000  
3419.835423  283.443054  0.000329  2.546143  -20.669641  1.000000  
3453.482131  283.535919  0.000326  2.541374  -20.643763  1.000000  
3487.801774  283.630615  0.000322  2.536510  -20.617367  1.000000  
3522.807809  283.730164  0.000319  2.527263  -20.598953  1.000000  
3558.513966  283.839722  0.000314  2.506052  -20.603567  1.000000  
3594.934245  283.951508  0.000310  2.484416  -20.608274  1.000000  
3632.082930  284.065521  0.000305  2.462348  -20.613075  1.000000  
3669.974588  284.181793  0.000300  2.439838  -20.617973  1.000000  
3708.624080  284.300415  0.000295  2.416878  -20.622969  1.000000  
3748.046562  284.430298  0.000290  2.395120  -20.639410  1.000000  
3788.257493  284.578003  0.000284  2.375772  -20.675621  1.000000  
3829.272643  284.728699  0.000278  2.356038  -20.712557  1.000000  
3871.108096  284.882385  0.000272  2.335909  -20.750233  1.000000  
3913.780258  285.039124  0.000265  2.315377  -20.788660  1.000000  
3957.305863  285.199036  0.000259  2.294435  -20.827856  1.000000  
4001.701980  285.381775  0.000252  2.293637  -20.885572  1.000000  
4046.986020  285.569458  0.000245  2.294177  -20.945612  1.000000  
4093.175740  285.760925  0.000238  2.294729  -21.006851  1.000000  
4140.289255  285.956207  0.000230  2.295291  -21.069317  1.000000  
4188.345040  286.155365  0.000223  2.295865  -21.133032  1.000000  
4237.361941  286.369385  0.000216  2.307352  -21.197321  1.000000  
4287.359180  286.588928  0.000208  2.320327  -21.262817  1.000000  
4338.356363  286.812866  0.000201  2.333561  -21.329622  1.000000  
4390.373491  287.041290  0.000193  2.347061  -21.397764  1.000000  
4443.430960  287.275665  0.000186  2.362532  -21.464828  1.000000  
4497.549580  287.520752  0.000179  2.385696  -21.522655  1.000000  
4552.750571  287.770721  0.000172  2.409324  -21.581640  1.000000  
4609.055583  288.025726  0.000166  2.433425  -21.641804  1.000000  
4666.486694  288.285828  0.000158  2.458007  -21.703171  1.000000  
4725.066428  288.554901  0.000152  2.487820  -21.759369  1.000000  
4784.817757  288.830505  0.000146  2.519678  -21.814735  1.000000  
4845.764112  289.111633  0.000139  2.552173  -21.871210  1.000000  
4907.929394  289.398376  0.000133  2.585318  -21.928814  1.000000  
