cold air outbreak using dz = 25.0 m, Nlev =  167
  height   sv(1)   sv(2)
      12.5000      0.00000      0.00000     0.00000      0.00000      0.00000      0.00000     0.00000      0.00000      0.00000      0.00000     0.00000      0.00000
      37.5000      0.00000      0.00000     0.00000      0.00000      0.00000      0.00000     0.00000      0.00000      0.00000      0.00000     0.00000      0.00000
      62.5000      0.00000      0.00000     0.00000      0.00000      0.00000      0.00000     0.00000      0.00000      0.00000      0.00000     0.00000      0.00000
      87.5000      0.00000      0.00000     0.00000      0.00000      0.00000      0.00000     0.00000      0.00000      0.00000      0.00000     0.00000      0.00000
      112.500      0.00000      0.00000     0.00000      0.00000      0.00000      0.00000     0.00000      0.00000      0.00000      0.00000     0.00000      0.00000
      137.500      0.00000      0.00000     0.00000      0.00000      0.00000      0.00000     0.00000      0.00000      0.00000      0.00000     0.00000      0.00000
      162.500      0.00000      0.00000     0.00000      0.00000      0.00000      0.00000     0.00000      0.00000      0.00000      0.00000     0.00000      0.00000
      187.500      0.00000      0.00000     0.00000      0.00000      0.00000      0.00000     0.00000      0.00000      0.00000      0.00000     0.00000      0.00000
      212.500      0.00000      0.00000     0.00000      0.00000      0.00000      0.00000     0.00000      0.00000      0.00000      0.00000     0.00000      0.00000
      237.500      0.00000      0.00000     0.00000      0.00000      0.00000      0.00000     0.00000      0.00000      0.00000      0.00000     0.00000      0.00000
      262.500      0.00000      0.00000     0.00000      0.00000      0.00000      0.00000     0.00000      0.00000      0.00000      0.00000     0.00000      0.00000
      287.500      0.00000      0.00000     0.00000      0.00000      0.00000      0.00000     0.00000      0.00000      0.00000      0.00000     0.00000      0.00000
      312.500      0.00000      0.00000     0.00000      0.00000      0.00000      0.00000     0.00000      0.00000      0.00000      0.00000     0.00000      0.00000
      337.500      0.00000      0.00000     0.00000      0.00000      0.00000      0.00000     0.00000      0.00000      0.00000      0.00000     0.00000      0.00000
      362.500      0.00000      0.00000     0.00000      0.00000      0.00000      0.00000     0.00000      0.00000      0.00000      0.00000     0.00000      0.00000
      387.500      0.00000      0.00000     0.00000      0.00000      0.00000      0.00000     0.00000      0.00000      0.00000      0.00000     0.00000      0.00000
      412.500      0.00000      0.00000     0.00000      0.00000      0.00000      0.00000     0.00000      0.00000      0.00000      0.00000     0.00000      0.00000
      437.500      0.00000      0.00000     0.00000      0.00000      0.00000      0.00000     0.00000      0.00000      0.00000      0.00000     0.00000      0.00000
      462.500      0.00000      0.00000     0.00000      0.00000      0.00000      0.00000     0.00000      0.00000      0.00000      0.00000     0.00000      0.00000
      487.500      0.00000      0.00000     0.00000      0.00000      0.00000      0.00000     0.00000      0.00000      0.00000      0.00000     0.00000      0.00000
      512.500      0.00000      0.00000     0.00000      0.00000      0.00000      0.00000     0.00000      0.00000      0.00000      0.00000     0.00000      0.00000
      537.500      0.00000      0.00000     0.00000      0.00000      0.00000      0.00000     0.00000      0.00000      0.00000      0.00000     0.00000      0.00000
      562.500      0.00000      0.00000     0.00000      0.00000      0.00000      0.00000     0.00000      0.00000      0.00000      0.00000     0.00000      0.00000
      587.500      0.00000      0.00000     0.00000      0.00000      0.00000      0.00000     0.00000      0.00000      0.00000      0.00000     0.00000      0.00000
      612.500      0.00000      0.00000     0.00000      0.00000      0.00000      0.00000     0.00000      0.00000      0.00000      0.00000     0.00000      0.00000
      637.500      0.00000      0.00000     0.00000      0.00000      0.00000      0.00000     0.00000      0.00000      0.00000      0.00000     0.00000      0.00000
      662.500      0.00000      0.00000     0.00000      0.00000      0.00000      0.00000     0.00000      0.00000      0.00000      0.00000     0.00000      0.00000
      687.500      0.00000      0.00000     0.00000      0.00000      0.00000      0.00000     0.00000      0.00000      0.00000      0.00000     0.00000      0.00000
      712.500      0.00000      0.00000     0.00000      0.00000      0.00000      0.00000     0.00000      0.00000      0.00000      0.00000     0.00000      0.00000
      737.500      0.00000      0.00000     0.00000      0.00000      0.00000      0.00000     0.00000      0.00000      0.00000      0.00000     0.00000      0.00000
      762.500      0.00000      0.00000     0.00000      0.00000      0.00000      0.00000     0.00000      0.00000      0.00000      0.00000     0.00000      0.00000
      787.500      0.00000      0.00000     0.00000      0.00000      0.00000      0.00000     0.00000      0.00000      0.00000      0.00000     0.00000      0.00000
      812.500      0.00000      0.00000     0.00000      0.00000      0.00000      0.00000     0.00000      0.00000      0.00000      0.00000     0.00000      0.00000
      837.500      0.00000      0.00000     0.00000      0.00000      0.00000      0.00000     0.00000      0.00000      0.00000      0.00000     0.00000      0.00000
      862.500      0.00000      0.00000     0.00000      0.00000      0.00000      0.00000     0.00000      0.00000      0.00000      0.00000     0.00000      0.00000
      887.500      0.00000      0.00000     0.00000      0.00000      0.00000      0.00000     0.00000      0.00000      0.00000      0.00000     0.00000      0.00000
      912.500      0.00000      0.00000     0.00000      0.00000      0.00000      0.00000     0.00000      0.00000      0.00000      0.00000     0.00000      0.00000
      937.500      0.00000      0.00000     0.00000      0.00000      0.00000      0.00000     0.00000      0.00000      0.00000      0.00000     0.00000      0.00000
      962.500      0.00000      0.00000     0.00000      0.00000      0.00000      0.00000     0.00000      0.00000      0.00000      0.00000     0.00000      0.00000
      987.500      0.00000      0.00000     0.00000      0.00000      0.00000      0.00000     0.00000      0.00000      0.00000      0.00000     0.00000      0.00000
      1012.50      0.00000      0.00000     0.00000      0.00000      0.00000      0.00000     0.00000      0.00000      0.00000      0.00000     0.00000      0.00000
      1037.50      0.00000      0.00000     0.00000      0.00000      0.00000      0.00000     0.00000      0.00000      0.00000      0.00000     0.00000      0.00000
      1062.50      0.00000      0.00000     0.00000      0.00000      0.00000      0.00000     0.00000      0.00000      0.00000      0.00000     0.00000      0.00000
      1087.50      0.00000      0.00000     0.00000      0.00000      0.00000      0.00000     0.00000      0.00000      0.00000      0.00000     0.00000      0.00000
      1112.50      0.00000      0.00000     0.00000      0.00000      0.00000      0.00000     0.00000      0.00000      0.00000      0.00000     0.00000      0.00000
      1137.50      0.00000      0.00000     0.00000      0.00000      0.00000      0.00000     0.00000      0.00000      0.00000      0.00000     0.00000      0.00000
      1162.50      0.00000      0.00000     0.00000      0.00000      0.00000      0.00000     0.00000      0.00000      0.00000      0.00000     0.00000      0.00000
      1187.50      0.00000      0.00000     0.00000      0.00000      0.00000      0.00000     0.00000      0.00000      0.00000      0.00000     0.00000      0.00000
      1212.50      0.00000      0.00000     0.00000      0.00000      0.00000      0.00000     0.00000      0.00000      0.00000      0.00000     0.00000      0.00000
      1237.50      0.00000      0.00000     0.00000      0.00000      0.00000      0.00000     0.00000      0.00000      0.00000      0.00000     0.00000      0.00000
      1262.50      0.00000      0.00000     0.00000      0.00000      0.00000      0.00000     0.00000      0.00000      0.00000      0.00000     0.00000      0.00000
      1287.50      0.00000      0.00000     0.00000      0.00000      0.00000      0.00000     0.00000      0.00000      0.00000      0.00000     0.00000      0.00000
      1312.50      0.00000      0.00000     0.00000      0.00000      0.00000      0.00000     0.00000      0.00000      0.00000      0.00000     0.00000      0.00000
      1337.50      0.00000      0.00000     0.00000      0.00000      0.00000      0.00000     0.00000      0.00000      0.00000      0.00000     0.00000      0.00000
      1362.50      0.00000      0.00000     0.00000      0.00000      0.00000      0.00000     0.00000      0.00000      0.00000      0.00000     0.00000      0.00000
      1387.50      0.00000      0.00000     0.00000      0.00000      0.00000      0.00000     0.00000      0.00000      0.00000      0.00000     0.00000      0.00000
      1412.50      0.00000      0.00000     0.00000      0.00000      0.00000      0.00000     0.00000      0.00000      0.00000      0.00000     0.00000      0.00000
      1437.50      0.00000      0.00000     0.00000      0.00000      0.00000      0.00000     0.00000      0.00000      0.00000      0.00000     0.00000      0.00000
      1462.50      0.00000      0.00000     0.00000      0.00000      0.00000      0.00000     0.00000      0.00000      0.00000      0.00000     0.00000      0.00000
      1487.50      0.00000      0.00000     0.00000      0.00000      0.00000      0.00000     0.00000      0.00000      0.00000      0.00000     0.00000      0.00000
      1512.50      0.00000      0.00000     0.00000      0.00000      0.00000      0.00000     0.00000      0.00000      0.00000      0.00000     0.00000      0.00000
      1537.50      0.00000      0.00000     0.00000      0.00000      0.00000      0.00000     0.00000      0.00000      0.00000      0.00000     0.00000      0.00000
      1562.50      0.00000      0.00000     0.00000      0.00000      0.00000      0.00000     0.00000      0.00000      0.00000      0.00000     0.00000      0.00000
      1587.50      0.00000      0.00000     0.00000      0.00000      0.00000      0.00000     0.00000      0.00000      0.00000      0.00000     0.00000      0.00000
      1612.50      0.00000      0.00000     0.00000      0.00000      0.00000      0.00000     0.00000      0.00000      0.00000      0.00000     0.00000      0.00000
      1637.50      0.00000      0.00000     0.00000      0.00000      0.00000      0.00000     0.00000      0.00000      0.00000      0.00000     0.00000      0.00000
      1662.50      0.00000      0.00000     0.00000      0.00000      0.00000      0.00000     0.00000      0.00000      0.00000      0.00000     0.00000      0.00000
      1687.50      0.00000      0.00000     0.00000      0.00000      0.00000      0.00000     0.00000      0.00000      0.00000      0.00000     0.00000      0.00000
      1712.50      0.00000      0.00000     0.00000      0.00000      0.00000      0.00000     0.00000      0.00000      0.00000      0.00000     0.00000      0.00000
      1737.50      0.00000      0.00000     0.00000      0.00000      0.00000      0.00000     0.00000      0.00000      0.00000      0.00000     0.00000      0.00000
      1762.50      0.00000      0.00000     0.00000      0.00000      0.00000      0.00000     0.00000      0.00000      0.00000      0.00000     0.00000      0.00000
      1787.50      0.00000      0.00000     0.00000      0.00000      0.00000      0.00000     0.00000      0.00000      0.00000      0.00000     0.00000      0.00000
      1812.50      0.00000      0.00000     0.00000      0.00000      0.00000      0.00000     0.00000      0.00000      0.00000      0.00000     0.00000      0.00000
      1837.50      0.00000      0.00000     0.00000      0.00000      0.00000      0.00000     0.00000      0.00000      0.00000      0.00000     0.00000      0.00000
      1862.50      0.00000      0.00000     0.00000      0.00000      0.00000      0.00000     0.00000      0.00000      0.00000      0.00000     0.00000      0.00000
      1887.50      0.00000      0.00000     0.00000      0.00000      0.00000      0.00000     0.00000      0.00000      0.00000      0.00000     0.00000      0.00000
      1912.50      0.00000      0.00000     0.00000      0.00000      0.00000      0.00000     0.00000      0.00000      0.00000      0.00000     0.00000      0.00000
      1937.50      0.00000      0.00000     0.00000      0.00000      0.00000      0.00000     0.00000      0.00000      0.00000      0.00000     0.00000      0.00000
      1962.50      0.00000      0.00000     0.00000      0.00000      0.00000      0.00000     0.00000      0.00000      0.00000      0.00000     0.00000      0.00000
      1987.50      0.00000      0.00000     0.00000      0.00000      0.00000      0.00000     0.00000      0.00000      0.00000      0.00000     0.00000      0.00000
      2012.50      0.00000      0.00000     0.00000      0.00000      0.00000      0.00000     0.00000      0.00000      0.00000      0.00000     0.00000      0.00000
      2037.50      0.00000      0.00000     0.00000      0.00000      0.00000      0.00000     0.00000      0.00000      0.00000      0.00000     0.00000      0.00000
      2062.50      0.00000      0.00000     0.00000      0.00000      0.00000      0.00000     0.00000      0.00000      0.00000      0.00000     0.00000      0.00000
      2087.50      0.00000      0.00000     0.00000      0.00000      0.00000      0.00000     0.00000      0.00000      0.00000      0.00000     0.00000      0.00000
      2112.50      0.00000      0.00000     0.00000      0.00000      0.00000      0.00000     0.00000      0.00000      0.00000      0.00000     0.00000      0.00000
      2137.50      0.00000      0.00000     0.00000      0.00000      0.00000      0.00000     0.00000      0.00000      0.00000      0.00000     0.00000      0.00000
      2162.50      0.00000      0.00000     0.00000      0.00000      0.00000      0.00000     0.00000      0.00000      0.00000      0.00000     0.00000      0.00000
      2187.50      0.00000      0.00000     0.00000      0.00000      0.00000      0.00000     0.00000      0.00000      0.00000      0.00000     0.00000      0.00000
      2212.50      0.00000      0.00000     0.00000      0.00000      0.00000      0.00000     0.00000      0.00000      0.00000      0.00000     0.00000      0.00000
      2237.50      0.00000      0.00000     0.00000      0.00000      0.00000      0.00000     0.00000      0.00000      0.00000      0.00000     0.00000      0.00000
      2262.50      0.00000      0.00000     0.00000      0.00000      0.00000      0.00000     0.00000      0.00000      0.00000      0.00000     0.00000      0.00000
      2287.50      0.00000      0.00000     0.00000      0.00000      0.00000      0.00000     0.00000      0.00000      0.00000      0.00000     0.00000      0.00000
      2312.50      0.00000      0.00000     0.00000      0.00000      0.00000      0.00000     0.00000      0.00000      0.00000      0.00000     0.00000      0.00000
      2337.50      0.00000      0.00000     0.00000      0.00000      0.00000      0.00000     0.00000      0.00000      0.00000      0.00000     0.00000      0.00000
      2362.50      0.00000      0.00000     0.00000      0.00000      0.00000      0.00000     0.00000      0.00000      0.00000      0.00000     0.00000      0.00000
      2387.50      0.00000      0.00000     0.00000      0.00000      0.00000      0.00000     0.00000      0.00000      0.00000      0.00000     0.00000      0.00000
      2412.50      0.00000      0.00000     0.00000      0.00000      0.00000      0.00000     0.00000      0.00000      0.00000      0.00000     0.00000      0.00000
      2437.50      0.00000      0.00000     0.00000      0.00000      0.00000      0.00000     0.00000      0.00000      0.00000      0.00000     0.00000      0.00000
      2462.50      0.00000      0.00000     0.00000      0.00000      0.00000      0.00000     0.00000      0.00000      0.00000      0.00000     0.00000      0.00000
      2487.50      0.00000      0.00000     0.00000      0.00000      0.00000      0.00000     0.00000      0.00000      0.00000      0.00000     0.00000      0.00000
      2512.50      0.00000      0.00000     0.00000      0.00000      0.00000      0.00000     0.00000      0.00000      0.00000      0.00000     0.00000      0.00000
      2537.50      0.00000      0.00000     0.00000      0.00000      0.00000      0.00000     0.00000      0.00000      0.00000      0.00000     0.00000      0.00000
      2562.50      0.00000      0.00000     0.00000      0.00000      0.00000      0.00000     0.00000      0.00000      0.00000      0.00000     0.00000      0.00000
      2587.50      0.00000      0.00000     0.00000      0.00000      0.00000      0.00000     0.00000      0.00000      0.00000      0.00000     0.00000      0.00000
      2612.50      0.00000      0.00000     0.00000      0.00000      0.00000      0.00000     0.00000      0.00000      0.00000      0.00000     0.00000      0.00000
      2637.50      0.00000      0.00000     0.00000      0.00000      0.00000      0.00000     0.00000      0.00000      0.00000      0.00000     0.00000      0.00000
      2662.50      0.00000      0.00000     0.00000      0.00000      0.00000      0.00000     0.00000      0.00000      0.00000      0.00000     0.00000      0.00000
      2687.50      0.00000      0.00000     0.00000      0.00000      0.00000      0.00000     0.00000      0.00000      0.00000      0.00000     0.00000      0.00000
      2712.50      0.00000      0.00000     0.00000      0.00000      0.00000      0.00000     0.00000      0.00000      0.00000      0.00000     0.00000      0.00000
      2737.50      0.00000      0.00000     0.00000      0.00000      0.00000      0.00000     0.00000      0.00000      0.00000      0.00000     0.00000      0.00000
      2762.50      0.00000      0.00000     0.00000      0.00000      0.00000      0.00000     0.00000      0.00000      0.00000      0.00000     0.00000      0.00000
      2787.50      0.00000      0.00000     0.00000      0.00000      0.00000      0.00000     0.00000      0.00000      0.00000      0.00000     0.00000      0.00000
      2812.50      0.00000      0.00000     0.00000      0.00000      0.00000      0.00000     0.00000      0.00000      0.00000      0.00000     0.00000      0.00000
      2837.50      0.00000      0.00000     0.00000      0.00000      0.00000      0.00000     0.00000      0.00000      0.00000      0.00000     0.00000      0.00000
      2862.50      0.00000      0.00000     0.00000      0.00000      0.00000      0.00000     0.00000      0.00000      0.00000      0.00000     0.00000      0.00000
      2887.50      0.00000      0.00000     0.00000      0.00000      0.00000      0.00000     0.00000      0.00000      0.00000      0.00000     0.00000      0.00000
      2912.50      0.00000      0.00000     0.00000      0.00000      0.00000      0.00000     0.00000      0.00000      0.00000      0.00000     0.00000      0.00000
      2937.50      0.00000      0.00000     0.00000      0.00000      0.00000      0.00000     0.00000      0.00000      0.00000      0.00000     0.00000      0.00000
      2962.50      0.00000      0.00000     0.00000      0.00000      0.00000      0.00000     0.00000      0.00000      0.00000      0.00000     0.00000      0.00000
      2987.50      0.00000      0.00000     0.00000      0.00000      0.00000      0.00000     0.00000      0.00000      0.00000      0.00000     0.00000      0.00000
      3012.50      0.00000      0.00000     0.00000      0.00000      0.00000      0.00000     0.00000      0.00000      0.00000      0.00000     0.00000      0.00000
      3038.00      0.00000      0.00000     0.00000      0.00000      0.00000      0.00000     0.00000      0.00000      0.00000      0.00000     0.00000      0.00000
      3064.01      0.00000      0.00000     0.00000      0.00000      0.00000      0.00000     0.00000      0.00000      0.00000      0.00000     0.00000      0.00000
      3090.54      0.00000      0.00000     0.00000      0.00000      0.00000      0.00000     0.00000      0.00000      0.00000      0.00000     0.00000      0.00000
      3117.60      0.00000      0.00000     0.00000      0.00000      0.00000      0.00000     0.00000      0.00000      0.00000      0.00000     0.00000      0.00000
      3145.20      0.00000      0.00000     0.00000      0.00000      0.00000      0.00000     0.00000      0.00000      0.00000      0.00000     0.00000      0.00000
      3173.36      0.00000      0.00000     0.00000      0.00000      0.00000      0.00000     0.00000      0.00000      0.00000      0.00000     0.00000      0.00000
      3202.07      0.00000      0.00000     0.00000      0.00000      0.00000      0.00000     0.00000      0.00000      0.00000      0.00000     0.00000      0.00000
      3231.37      0.00000      0.00000     0.00000      0.00000      0.00000      0.00000     0.00000      0.00000      0.00000      0.00000     0.00000      0.00000
      3261.24      0.00000      0.00000     0.00000      0.00000      0.00000      0.00000     0.00000      0.00000      0.00000      0.00000     0.00000      0.00000
      3291.72      0.00000      0.00000     0.00000      0.00000      0.00000      0.00000     0.00000      0.00000      0.00000      0.00000     0.00000      0.00000
      3322.80      0.00000      0.00000     0.00000      0.00000      0.00000      0.00000     0.00000      0.00000      0.00000      0.00000     0.00000      0.00000
      3354.51      0.00000      0.00000     0.00000      0.00000      0.00000      0.00000     0.00000      0.00000      0.00000      0.00000     0.00000      0.00000
      3386.85      0.00000      0.00000     0.00000      0.00000      0.00000      0.00000     0.00000      0.00000      0.00000      0.00000     0.00000      0.00000
      3419.84      0.00000      0.00000     0.00000      0.00000      0.00000      0.00000     0.00000      0.00000      0.00000      0.00000     0.00000      0.00000
      3453.48      0.00000      0.00000     0.00000      0.00000      0.00000      0.00000     0.00000      0.00000      0.00000      0.00000     0.00000      0.00000
      3487.80      0.00000      0.00000     0.00000      0.00000      0.00000      0.00000     0.00000      0.00000      0.00000      0.00000     0.00000      0.00000
      3522.81      0.00000      0.00000     0.00000      0.00000      0.00000      0.00000     0.00000      0.00000      0.00000      0.00000     0.00000      0.00000
      3558.51      0.00000      0.00000     0.00000      0.00000      0.00000      0.00000     0.00000      0.00000      0.00000      0.00000     0.00000      0.00000
      3594.93      0.00000      0.00000     0.00000      0.00000      0.00000      0.00000     0.00000      0.00000      0.00000      0.00000     0.00000      0.00000
      3632.08      0.00000      0.00000     0.00000      0.00000      0.00000      0.00000     0.00000      0.00000      0.00000      0.00000     0.00000      0.00000
      3669.97      0.00000      0.00000     0.00000      0.00000      0.00000      0.00000     0.00000      0.00000      0.00000      0.00000     0.00000      0.00000
      3708.62      0.00000      0.00000     0.00000      0.00000      0.00000      0.00000     0.00000      0.00000      0.00000      0.00000     0.00000      0.00000
      3748.05      0.00000      0.00000     0.00000      0.00000      0.00000      0.00000     0.00000      0.00000      0.00000      0.00000     0.00000      0.00000
      3788.26      0.00000      0.00000     0.00000      0.00000      0.00000      0.00000     0.00000      0.00000      0.00000      0.00000     0.00000      0.00000
      3829.27      0.00000      0.00000     0.00000      0.00000      0.00000      0.00000     0.00000      0.00000      0.00000      0.00000     0.00000      0.00000
      3871.11      0.00000      0.00000     0.00000      0.00000      0.00000      0.00000     0.00000      0.00000      0.00000      0.00000     0.00000      0.00000
      3913.78      0.00000      0.00000     0.00000      0.00000      0.00000      0.00000     0.00000      0.00000      0.00000      0.00000     0.00000      0.00000
      3957.31      0.00000      0.00000     0.00000      0.00000      0.00000      0.00000     0.00000      0.00000      0.00000      0.00000     0.00000      0.00000
      4001.70      0.00000      0.00000     0.00000      0.00000      0.00000      0.00000     0.00000      0.00000      0.00000      0.00000     0.00000      0.00000
      4046.99      0.00000      0.00000     0.00000      0.00000      0.00000      0.00000     0.00000      0.00000      0.00000      0.00000     0.00000      0.00000
      4093.18      0.00000      0.00000     0.00000      0.00000      0.00000      0.00000     0.00000      0.00000      0.00000      0.00000     0.00000      0.00000
      4140.29      0.00000      0.00000     0.00000      0.00000      0.00000      0.00000     0.00000      0.00000      0.00000      0.00000     0.00000      0.00000
      4188.34      0.00000      0.00000     0.00000      0.00000      0.00000      0.00000     0.00000      0.00000      0.00000      0.00000     0.00000      0.00000
      4237.36      0.00000      0.00000     0.00000      0.00000      0.00000      0.00000     0.00000      0.00000      0.00000      0.00000     0.00000      0.00000
      4287.36      0.00000      0.00000     0.00000      0.00000      0.00000      0.00000     0.00000      0.00000      0.00000      0.00000     0.00000      0.00000
      4338.36      0.00000      0.00000     0.00000      0.00000      0.00000      0.00000     0.00000      0.00000      0.00000      0.00000     0.00000      0.00000
      4390.37      0.00000      0.00000     0.00000      0.00000      0.00000      0.00000     0.00000      0.00000      0.00000      0.00000     0.00000      0.00000
      4443.43      0.00000      0.00000     0.00000      0.00000      0.00000      0.00000     0.00000      0.00000      0.00000      0.00000     0.00000      0.00000
      4497.55      0.00000      0.00000     0.00000      0.00000      0.00000      0.00000     0.00000      0.00000      0.00000      0.00000     0.00000      0.00000
      4552.75      0.00000      0.00000     0.00000      0.00000      0.00000      0.00000     0.00000      0.00000      0.00000      0.00000     0.00000      0.00000
      4609.06      0.00000      0.00000     0.00000      0.00000      0.00000      0.00000     0.00000      0.00000      0.00000      0.00000     0.00000      0.00000
      4666.49      0.00000      0.00000     0.00000      0.00000      0.00000      0.00000     0.00000      0.00000      0.00000      0.00000     0.00000      0.00000
      4725.07      0.00000      0.00000     0.00000      0.00000      0.00000      0.00000     0.00000      0.00000      0.00000      0.00000     0.00000      0.00000
      4784.82      0.00000      0.00000     0.00000      0.00000      0.00000      0.00000     0.00000      0.00000      0.00000      0.00000     0.00000      0.00000
      4845.76      0.00000      0.00000     0.00000      0.00000      0.00000      0.00000     0.00000      0.00000      0.00000      0.00000     0.00000      0.00000
      4907.93      0.00000      0.00000     0.00000      0.00000      0.00000      0.00000     0.00000      0.00000      0.00000      0.00000     0.00000      0.00000
